"","rules","support","confidence","orderedConf","orderedSupp"
"1","{intensity-mean=[86.2963;Inf]} => {class=sky}",0.142857149243355,1,1,297
"2","{hue-mean=[1.28706;Inf]} => {class=grass}",0.141414135694504,1,1,294
"3","{region-centroid-row=[159;Inf],intensity-mean=[30.1852;Inf]} => {class=path}",0.137566134333611,1,1,286
"4","{region-centroid-row=[163;Inf],hue-mean=[-2.86995;-1.75551]} => {class=path}",0.13179412484169,1,1,11
"5","{hedge-sd=[-Inf;139.856],rawred-mean=[8.88889;16],rawblue-mean=[4.77778;18.7778]} => {class=grass}",0.0933140963315964,1,1,2
"6","{exgreen-mean=[-33.8889;-13.3333],hue-mean=[-1.86318;Inf]} => {class=brickface}",0.078403078019619,1,1,163
"7","{region-centroid-row=[11;129],rawred-mean=[-Inf;4.66667],hue-mean=[-Inf;-2.07516]} => {class=foliage}",0.0774410739541054,1,1,161
"8","{exgreen-mean=[-33.8889;-2.66667],hue-mean=[-1.51268;-0.57094]} => {class=brickface}",0.0759980753064156,1,1,123
"9","{region-centroid-row=[11;153],saturation-mean=[0.193665;0.349325],hue-mean=[-2.08593;-1.51876]} => {class=cement}",0.0750360786914825,1,1,156
"10","{vedge-mean=[0;3.61111],saturation-mean=[0.387412;0.463569],hue-mean=[-2.00012;1.78351]} => {class=brickface}",0.0745550766587257,1,1,3
"11","{saturation-mean=[0.468165;Inf],hue-mean=[-Inf;-2.23829]} => {class=foliage}",0.0687830671668053,1,1,60
"12","{rawred-mean=[-Inf;11.2222],hue-mean=[-Inf;-2.22266]} => {class=foliage}",0.0687830671668053,1,1,6
"13","{region-centroid-row=[211;Inf]} => {class=grass}",0.065897062420845,1,1,1
"14","{region-centroid-col=[-Inf;159],region-centroid-row=[69;129],rawred-mean=[-Inf;4]} => {class=foliage}",0.0596440583467484,1,1,2
"15","{rawblue-mean=[2.66667;10],hue-mean=[-1.58144;-0.57094]} => {class=brickface}",0.058682058006525,1,1,2
"16","{region-centroid-row=[82;159],short-line-density-2=0,rawgreen-mean=[32.4444;66.4444]} => {class=cement}",0.0557960569858551,1,1,37
"17","{region-centroid-col=[-Inf;241],exgreen-mean=[-7;24.6667],hue-mean=[-2.44804;-2.22266]} => {class=foliage}",0.0557960569858551,1,1,4
"18","{rawblue-mean=[0;150.889],rawgreen-mean=[2.44444;4.55556],saturation-mean=[0.464325;0.617059]} => {class=brickface}",0.0524290539324284,1,1,3
"19","{region-centroid-row=[11;122],value-mean=[11.8889;36.5556],hue-mean=[-2.23072;-2.06335]} => {class=window}",0.0476190485060215,1,1,99
"20","{region-centroid-col=[110;Inf],rawred-mean=[-Inf;5.55556],exred-mean=[-1.88889;3.66667]} => {class=window}",0.0394420400261879,1,1,82
"21","{region-centroid-row=[74;159],short-line-density-2=0,value-mean=[55.7778;79.4444]} => {class=cement}",0.0384800396859646,1,1,2
"22","{region-centroid-row=[58;133],exblue-mean=[9.11111;82],exgreen-mean=[-5.22222;24.6667]} => {class=foliage}",0.0384800396859646,1,1,3
"23","{vegde-sd=[0;0.251851],exgreen-mean=[-11.5556;-3.88889],saturation-mean=[0.511905;0.619713]} => {class=brickface}",0.0379990376532078,1,1,1
"24","{rawred-mean=[21.2222;137.111],rawgreen-mean=[0;22.3333]} => {class=brickface}",0.0370370373129845,1,1,1
"25","{region-centroid-row=[11;121],exblue-mean=[26;45.5556],hue-mean=[-2.08595;-1.93792]} => {class=cement}",0.0355940349400043,1,1,4
"26","{region-centroid-row=[76;172],rawred-mean=[41.8889;58.3333]} => {class=cement}",0.0351130366325378,1,1,1
"27","{exred-mean=[-12;-5.66667],exgreen-mean=[-5.11111;-1]} => {class=foliage}",0.0336700342595577,1,1,2
"28","{hedge-sd=[-Inf;0.962963],rawgreen-mean=[21.8889;95.7778],hue-mean=[-2.18202;-2.04724]} => {class=cement}",0.0322270318865776,1,1,20
"29","{region-centroid-col=[151;213],hedge-sd=[-Inf;0.471405],rawred-mean=[-Inf;5.55556]} => {class=window}",0.0307840313762426,1,1,16
"30","{vedge-mean=[0.333334;Inf],vegde-sd=[0;0.207408],intensity-mean=[4.22222;6.88889]} => {class=brickface}",0.0283790286630392,1,1,1
"31","{region-centroid-row=[115;Inf],rawred-mean=[-Inf;4],hue-mean=[-2.09439;-1.47702]} => {class=window}",0.0278980284929276,1,1,28
"32","{region-centroid-col=[-Inf;155],vegde-sd=[0.182575;0.827758],rawgreen-mean=[0;13.6667],exgreen-mean=[-5.11111;9.11111]} => {class=foliage}",0.0278980284929276,1,1,11
"33","{region-centroid-col=[133;213],hedge-mean=[-Inf;0.333332]} => {class=window}",0.0264550261199474,1,1,1
"34","{region-centroid-row=[106;158],intensity-mean=[31.8519;49.7407]} => {class=cement}",0.0264550261199474,1,1,4
"35","{saturation-mean=[0.601852;0.881217],hue-mean=[-2.09439;-1.7836]} => {class=window}",0.0259740259498358,1,1,16
"36","{hedge-sd=[-Inf;1.08866],rawgreen-mean=[0.111111;2.55556],value-mean=[1.22222;4.77778],hue-mean=[-Inf;-2.07188]} => {class=foliage}",0.0259740259498358,1,1,3
"37","{region-centroid-col=[151;203],intensity-mean=[0;3.7037]} => {class=window}",0.0254930257797241,1,1,1
"38","{region-centroid-row=[11;129],intensity-mean=[8.92593;18.1852],hue-mean=[-2.23072;-2.03587]} => {class=window}",0.0254930257797241,1,1,1
"39","{hedge-sd=[-Inf;1.20493],intensity-mean=[31.8519;46.0741]} => {class=cement}",0.0250120256096125,1,1,5
"40","{region-centroid-col=[110;Inf],intensity-mean=[8.92593;20.5185],hue-mean=[-2.26623;-2.02955]} => {class=window}",0.0245310254395008,1,1,3
"41","{region-centroid-row=[78;161],hue-mean=[-Inf;-2.40681]} => {class=foliage}",0.024050023406744,1,1,3
"42","{hedge-mean=[-Inf;1.88889],rawgreen-mean=[36.7778;77.7778],hue-mean=[-2.23183;-2.08525]} => {class=cement}",0.024050023406744,1,1,11
"43","{region-centroid-col=[119;Inf],hedge-sd=[-Inf;0.0333333]} => {class=window}",0.0230880230665207,1,1,1
"44","{hedge-mean=[-Inf;1.94444],saturation-mean=[0.27569;0.332815],hue-mean=[-2.1868;-2.08891]} => {class=cement}",0.0230880230665207,1,1,3
"45","{region-centroid-row=[70;125],rawblue-mean=[23.7778;36.5556],exred-mean=[-14.3333;-11]} => {class=window}",0.0216450225561857,1,1,1
"46","{short-line-density-5=0,rawred-mean=[31.4444;137.111],rawgreen-mean=[30.5556;36]} => {class=cement}",0.0192400198429823,1,1,2
"47","{vedge-mean=[0;2.66667],exblue-mean=[28.2222;52.4444],saturation-mean=[0.24216;0.273358]} => {class=cement}",0.0187590196728706,1,1,1
"48","{hedge-mean=[-Inf;33.4444],rawred-mean=[56.4444;65]} => {class=cement}",0.0177970174700022,1,1,1
"49","{region-centroid-col=[-Inf;230],vegde-sd=[7.21852;Inf],hue-mean=[-2.42507;-2.2428]} => {class=foliage}",0.0173160172998905,1,1,8
"50","{region-centroid-row=[147;Inf],rawred-mean=[-Inf;3.77778]} => {class=window}",0.0163540169596672,1,1,2
"51","{region-centroid-row=[11;Inf],exgreen-mean=[-10;-8.22222],hue-mean=[-2.21672;-2.10498]} => {class=window}",0.0163540169596672,1,1,4
"52","{region-centroid-col=[114;Inf],exred-mean=[-11.8889;-7.77778],hue-mean=[-2.21505;-2.10097]} => {class=window}",0.0163540169596672,1,1,1
"53","{region-centroid-col=[92;Inf],rawred-mean=[9.66667;17],rawblue-mean=[20.3333;28.5556]} => {class=window}",0.0158730167895555,1,1,1
"54","{rawgreen-mean=[27.4444;95.7778],saturation-mean=[0;0.247776]} => {class=cement}",0.0149110145866871,1,1,6
"55","{hedge-sd=[0.951854;1.74696],saturation-mean=[0.708333;Inf]} => {class=foliage}",0.0139490142464638,1,1,1
"56","{region-centroid-row=[11;138],rawred-mean=[-Inf;137.111],rawblue-mean=[21.8889;26.2222],exgreen-mean=[-13.6667;-10]} => {class=window}",0.0115440115332603,1,1,1
"57","{saturation-mean=[0.601852;Inf],hue-mean=[-2.09439;-1.7836]} => {class=window}",0.0370370373129845,0.987179458141327,1,1
"58","{region-centroid-col=[151;Inf],rawblue-mean=[0;33.1111],hue-mean=[-2.09439;-1.90593]} => {class=window}",0.0269360262900591,0.982456147670746,0.8,4
"59","{rawred-mean=[3;7.88889],exred-mean=[-9.77778;-5],exblue-mean=[11;82]} => {class=window}",0.0221260227262974,0.978723406791687,1,6
"60","{region-centroid-row=[36;116],exgreen-mean=[-13.5556;-7.11111],hue-mean=[-2.21461;-2.0811]} => {class=window}",0.0418470427393913,0.977528095245361,1,1
"61","{short-line-density-5=0,exgreen-mean=[-5.11111;4.22222],value-mean=[7.77778;16.7778]} => {class=foliage}",0.0197210200130939,0.976190447807312,0.5,1
"62","{vegde-sd=[7.64444;Inf],hue-mean=[-2.42507;-2.2428]} => {class=foliage}",0.0187590196728706,0.975000023841858,1,1
"63","{region-centroid-col=[174;Inf],rawblue-mean=[8;37.4444],exgreen-mean=[-11.7778;-6]} => {class=window}",0.0365560352802277,0.974358975887299,1,3
"64","{hedge-mean=[-Inf;0.611109],rawgreen-mean=[0.111111;0.777778],hue-mean=[-Inf;-2.07188]} => {class=foliage}",0.0158730167895555,0.970588207244873,1,1
"65","{vedge-mean=[0.22222;0.444443],rawblue-mean=[0;4],exred-mean=[-49.6667;-1.22222],hue-mean=[-Inf;-2.05673]} => {class=foliage}",0.0149110145866871,0.96875,0.875,7
"66","{hedge-sd=[0.0296297;2.10741],rawblue-mean=[0;4],exred-mean=[-49.6667;-1.55556],hue-mean=[-Inf;-2.07188]} => {class=foliage}",0.0293410290032625,0.968253970146179,0.5,2
"67","{hedge-mean=[0.277779;0.611109],hedge-sd=[-Inf;0.385184],saturation-mean=[0.740904;Inf],hue-mean=[-Inf;-2.07815]} => {class=foliage}",0.0144300144165754,0.967741906642914,1,1
"68","{region-centroid-col=[-Inf;198],vedge-mean=[0.22222;0.444443],rawblue-mean=[0;4],hue-mean=[-Inf;-2.05673]} => {class=foliage}",0.0134680131450295,0.965517222881317,1,1
"69","{region-centroid-row=[128;143],vegde-sd=[0.0296301;0.651851],hedge-mean=[-Inf;0.333332],rawred-mean=[-Inf;7]} => {class=window}",0.0125060128048062,0.962962985038757,1,1
"70","{exgreen-mean=[-13.6667;-10.2222],saturation-mean=[0.44538;0.595899]} => {class=window}",0.0182780176401138,0.949999988079071,0.75,3
"71","{saturation-mean=[0.508139;0.66626],hue-mean=[-2.23072;-2.09078]} => {class=window}",0.0182780176401138,0.949999988079071,0.5,2
"72","{region-centroid-col=[5;146],region-centroid-row=[120;127],hedge-sd=[0.355556;1.09545]} => {class=foliage}",0.0134680131450295,0.933333337306976,1,2
"73","{rawgreen-mean=[36.7778;142.556],saturation-mean=[0.320613;Inf],hue-mean=[-2.18202;-2.07767]} => {class=cement}",0.0129870129749179,0.931034505367279,1,1
"74","{region-centroid-col=[-Inf;202],rawblue-mean=[0;4],saturation-mean=[0.769577;Inf],hue-mean=[-Inf;-2.07188]} => {class=foliage}",0.0278980284929276,0.90625,0.6,3
"75","{region-centroid-col=[-Inf;132],intensity-mean=[0;6.14815],hue-mean=[-Inf;-2.07516]} => {class=foliage}",0.0711880698800087,0.902438998222351,0.4,4
"76","{hedge-mean=[0.833334;1.88889],exblue-mean=[27.4444;43.5556],hue-mean=[-2.1874;-2.0793]} => {class=cement}",0.0129870129749179,0.899999976158142,1,2
"77","{hue-mean=[-0.00492694;0]} => {class=window}",0.0182780176401138,0.883720934391022,0.2,1
"78","{vegde-sd=[1.45555;112.578],hedge-sd=[0.25185;0.998146],hue-mean=[-2.08372;-1.89298]} => {class=cement}",0.0139490142464638,0.878787875175476,1,3
"79","{vedge-mean=[1.33333;Inf],hedge-sd=[0.210819;1.08355],exblue-mean=[28.2222;41.7778]} => {class=cement}",0.0230880230665207,0.857142865657806,0.5,2
"80","{vegde-sd=[0.623608;1.49071],hedge-mean=[0.833334;1.94444],hue-mean=[-2.19642;-2.08525]} => {class=cement}",0.0168350171297789,0.813953459262848,1,1
"81","{region-centroid-col=[156;189],region-centroid-row=[130;149],short-line-density-5=[0;0.333333]} => {class=window}",0.0149110145866871,0.774999976158142,1,1
"82","{short-line-density-5=0,hedge-sd=[0.966668;1.80741],hue-mean=[-2.21646;-2.08184]} => {class=cement}",0.0153920156881213,0.744186043739319,1,6
"83","{region-centroid-col=[17;152],vegde-sd=[1.50062;7.21852],hue-mean=[-2.17447;-2.09078]} => {class=cement}",0.0125060128048062,0.722222208976746,1,6
"84","{region-centroid-row=[81;117],exgreen-mean=[-13.5556;-8.88889]} => {class=window}",0.0355940349400043,0.698113203048706,1,1
"85","{region-centroid-row=[82;116],vegde-sd=[0.211113;0.774077],hue-mean=[-2.20716;-2.08425]} => {class=window}",0.0177970174700022,0.660714268684387,1,1
"86","{hedge-mean=[0.833334;1.88889],exred-mean=[-23.5556;-13.4444],exblue-mean=[28.5556;42.7778]} => {class=cement}",0.0331890322268009,0.644859790802002,0.333333333333333,1
"87","{region-centroid-col=[2;154],hedge-sd=[1.5408;60.063],exblue-mean=[9.66667;16.6667]} => {class=foliage}",0.0187590196728706,0.639344274997711,1,3
"88","{region-centroid-col=[-Inf;151],short-line-density-5=0,short-line-density-2=[0.111111;Inf]} => {class=foliage}",0.0144300144165754,0.625,1,1
"89","{} => {class=cement}",0.142857149243355,0.142857149243355,0.944444444444444,17
