"","rules","support","confidence","orderedConf","orderedSupp"
"1","{service=b'ecr_i',dst_host_srv_count=[1;255]} => {labels=smurf.}",0.573333323001862,1,1,516
"2","{} => {labels=normal.}",0.212222218513489,0.212222218513489,0.497395833333333,191
