"","rules","support","confidence","orderedConf","orderedSupp"
"1","{petallength=[-Inf;1.9]} => {class=Iris-setosa}",0.333333343267441,1,1,45
"2","{sepallength=[6;Inf],petalwidth=[1.8;Inf]} => {class=Iris-virginica}",0.251851856708527,1,1,34
"3","{sepallength=[6.1;Inf],sepalwidth=[-Inf;Inf],petallength=[5.1;Inf]} => {class=Iris-virginica}",0.244444444775581,1,1,3
"4","{sepalwidth=[2.8;Inf],petallength=[5.1;Inf]} => {class=Iris-virginica}",0.229629635810852,1,1,2
"5","{sepalwidth=[-Inf;3.1],petalwidth=[1.8;Inf]} => {class=Iris-virginica}",0.214814811944962,1,1,4
"6","{} => {class=Iris-versicolor}",0.333333343267441,0.333333343267441,0.957446808510638,45
